$ 1 0.000005 0.26073472713092677 50 5 50 5e-11
R 416 336 368 336 4 5 2000 -2 12 0 0.3
R 416 496 368 496 4 5 2000 2 0 0 0.3
c 416 336 464 336 0 2.0000000000000002e-7 11.379555882085112 0.001
c 416 496 464 496 0 2.0000000000000002e-7 0.6625150860481324 0.001
r 464 336 560 336 0 10000
r 464 496 560 496 0 10000
r 560 336 560 416 0 10000
g 560 416 560 448 0 0
a 688 432 816 432 9 15 -15 1000000 -0.6897507711779932 -0.6897779410425562 100000
w 560 336 688 336 0
w 688 336 688 416 0
w 688 448 688 496 0
w 688 496 560 496 0
r 688 528 816 528 0 10000
w 688 496 688 528 0
w 816 528 816 432 0
a 976 416 1104 416 9 15 -15 1000000 -0.000027169321176654998 0 100000
a 976 624 1104 624 9 15 -15 1000000 -2.716959286714986 -2.716986456307853 100000
r 976 496 1104 496 0 10000
w 816 432 880 432 0
w 976 608 880 608 0
w 976 640 944 640 0
w 944 640 944 672 0
w 1104 672 1104 624 0
r 880 432 976 432 0 10000
w 976 432 976 496 0
w 1104 496 1104 416 0
g 976 400 976 384 0 0
g 1184 448 1184 464 0 0
g 1184 688 1184 704 0 0
d 1184 688 1184 624 2 default
d 1184 448 1184 416 2 default
d 1184 416 1184 384 2 default
d 1184 624 1184 576 2 default
w 1104 416 1184 416 0
R 1184 384 1184 352 0 0 40 5 0 0 0.5
R 1184 576 1184 544 0 0 40 5 0 0 0.5
152 1280 496 1408 496 0 2 5 5
w 1184 416 1280 480 0
w 1280 512 1104 624 0
r 880 608 880 432 0 1
r 1104 672 944 672 0 1
r 1184 624 1104 624 0 100
207 1408 496 1408 416 4 logic
x 31 337 288 459 4 14 M-NET\sis\sa\sdouble\swire\spair.\\nThis\sinput\ssimulates\s-2V\simpulses\\non\sa\s12V\srail\scoinciding\swith\\n2V\simpulses\son\sa\s0V\srail\\n\\n\s2kHz\swith\sa\s10%\sduty\scycle\sresults\sin\sthe\\nsame\spulse\slength\sas\sM-NET\spulses\\nseem\sto\sbe
x 413 253 676 273 4 14 High\spass\sfilter\sstage\sto\sremove\s12V\soffset\\nFilter\sfreq\s\q\s200nF*10kO\s\q\s2Hz
o 0 1 0 4099 20 0.00078125 0 4 0 3 1 0 1 3
o 15 1 0 4099 20 0.00078125 1 2 15 3
o 43 1 0 4099 5 0.00009765625 2 2 43 3
